#  22.4109,   0.0004,   -0.173,   0.0109,   0.0004, 20 Feb 2026, 08:18:13

#  22.4100,   0.0004,   -0.173,   0.0109,   0.0004, 20 Feb 2026, 08:18:23

#  22.4101,   0.0004,   -0.173,   0.0109,   0.0004, 20 Feb 2026, 08:18:33

#  22.4099,   0.0004,   -0.172,   0.0109,   0.0004, 20 Feb 2026, 08:18:43

#  22.4092,   0.0004,   -0.172,   0.0109,   0.0004, 20 Feb 2026, 08:18:53

#  22.4084,   0.0004,   -0.172,   0.0109,   0.0004, 20 Feb 2026, 08:19:03

#  22.4069,   0.0004,   -0.173,   0.0109,   0.0004, 20 Feb 2026, 08:19:13

#  22.4063,   0.0004,   -0.173,   0.0109,   0.0004, 20 Feb 2026, 08:19:23

#  22.4058,   0.0004,   -0.173,   0.0109,   0.0004, 20 Feb 2026, 08:19:33

#  22.4056,   0.0004,   -0.173,   0.0109,   0.0004, 20 Feb 2026, 08:19:43

#  22.4047,   0.0004,   -0.173,   0.0109,   0.0004, 20 Feb 2026, 08:19:53

#  22.4042,   0.0004,   -0.173,   0.0109,   0.0004, 20 Feb 2026, 08:20:03

#  22.4034,   0.0004,   -0.173,   0.0109,   0.0004, 20 Feb 2026, 08:20:13

#  22.4027,   0.0004,   -0.173,   0.0109,   0.0004, 20 Feb 2026, 08:20:23

#  22.4028,   0.0004,   -0.173,   0.0109,   0.0004, 20 Feb 2026, 08:20:33

#  22.4027,   0.0004,   -0.174,   0.0109,
#  22.4025,   0.0004,   -0.173,   0.0109,   0.0004, 20 Feb 2026, 08:20:53

#  22.4024,   0.0004,   -0.174,   0.0109,   0.0004, 20 Feb 2026, 08:21:03

#  22.4023,   0.0004,   -0.173,   0.0109,   0.0004, 20 Feb 2026, 08:21:13

#  22.4009,   0.0004,   -0.174,   0.0109,   0.0004, 20 Feb 2026, 08:21:23

#  22.4006,   0.0004,   -0.173,   0.0109,   0.0004, 20 Feb 2026, 08:21:33

#  22.4008,   0.0004,   -0.174,   0.0109,   0.0004, 20 Feb 2026, 08:21:43

#  22.4005,   0.0004,   -0.174,   0.0109,   0.0004, 20 Feb 2026, 08:21:53

#  22.4003,   0.0004,   -0.174,   0.0109,   0.0004, 20 Feb 2026, 08:22:03

#  22.4001,   0.0004,   -0.173,   0.0109,   0.0004, 20 Feb 2026, 08:22:13

#  22.4001,   0.0004,   -0.173,   0.0109,   0.0004, 20 Feb 2026, 08:22:23
