$PNORI,4,Signature500_104513,4,17,1.00,4.00,0*79
$PNORS,022026,085131,00000000,2ECC0002,20.5,1527.8,127.6,45.1,-86.0,0.000,22.35,0,0*04
$PNORC,022026,085131,1,-32.77,-32.77,-32.77,-32.77,46.34,225.0,C,38,39,40,41,5,5,8,9*39
$PNORC,022026,085131,2,-32.77,-32.77,-32.77,-32.77,46.34,225.0,C,38,39,40,41,5,6,9,11*01
$PNORC,022026,085131,3,-32.77,-32.77,-32.77,-32.77,46.34,225.0,C,38,39,40,41,5,6,8,9*38
$PNORC,022026,085131,4,-32.77,-32.77,-32.77,-32.77,46.34,225.0,C,38,39,40,41,6,6,8,9*3C
$PNORC,022026,085131,5,-32.77,-32.77,-32.77,-32.77,46.34,225.0,C,38,39,40,41,5,6,0,0*3F
$PNORC,022026,085131,6,-32.77,-32.77,-32.77,-32.77,46.34,225.0,C,38,39,40,41,5,6,0,0*3C
$PNORC,022026,085131,7,-32.77,-32.77,-32.77,-32.77,46.34,225.0,C,38,39,40,41,0,0,0,0*3E
$PNORC,022026,085131,8,-32.77,-32.77,-32.77,-32.77,46.34,225.0,C,38,39,40,41,0,0,0,0*31
$PNORC,022026,085131,9,-32.77,-32.77,-32.77,-32.77,46.34,225.0,C,38,39,40,41,0,0,0,0*30
$PNORC,022026,085131,10,-32.77,-32.77,-32.77,-32.77,46.34,225.0,C,38,39,40,41,0,0,0,0*08
$PNORC,022026,085131,11,-32.77,-32.77,-32.77,-32.77,46.34,225.0,C,38,39,40,41,0,0,0,0*09
$PNORC,022026,085131,12,-32.77,-32.77,-32.77,-32.77,46.34,225.0,C,38,39,40,41,0,0,0,0*0A
$PNORC,022026,085131,13,-32.77,-32.77,-32.77,-32.77,46.34,225.0,C,38,39,40,41,0,0,0,0*0B
$PNORC,022026,085131,14,-32.77,-32.77,-32.77,-32.77,46.34,225.0,C,38,39,40,41,0,0,0,0*0C
$PNORC,022026,085131,15,-32.77,-32.77,-32.77,-32.77,46.34,225.0,C,38,39,40,41,0,0,0,0*0D
$PNORC,022026,085131,16,-32.77,-32.77,-32.77,-32.77,46.34,225.0,C,38,39,40,41,0,0,0,0*0E
$PNORC,022026,085131,17,-32.77,-32.77,-32.77,-32.77,46.34,225.0,C,38,39,40,41,0,0,0,0*0F
$PNORI,4,Signature500_104513,4,17,1.00,4.00,0*79
$PNORS,022026,085331,00000000,2ECC0002,17.1,1527.8,127.4,45.2,-86.0,0.000,22.35,0,0*07
$PNORC,022026,085331,1,-32.77,-32.77,-32.77,-32.77,46.34,225.0,C,38,38,38,39,5,5,4,4*3B
$PNORC,022026,085331,2,-32.77,-32.77,-32.77,-32.77,46.34,225.0,C,38,38,38,39,5,5,4,4*38
$PNORC,022026,085331,3,-32.77,-32.77,-32.77,-32.77,46.34,225.0,C,38,38,38,39,5,4,4,4*38
$PNORC,022026,085331,4,-32.77,-32.77,-32.77,-32.77,46.34,225.0,C,38,38,38,39,4,4,4,4*3E
$PNORC,022026,085331,5,-32.77,-32.77,-32.77,-32.77,46.34,225.0,C,38,38,38,39,4,4,0,0*3F
$PNORC,022026,085331,6,-32.77,-32.77,-32.77,-32.77,46.34,225.0,C,38,38,38,39,5,5,0,0*3C
$PNORC,022026,085331,7,-32.77,-32.77,-32.77,-32.77,46.34,225.0,C,38,38,38,39,0,0,0,0*3D
$PNORC,022026,085331,8,-32.77,-32.77,-32.77,-32.77,46.34,225.0,C,38,38,38,39,0,0,0,0*32
$PNORC,022026,085331,9,-32.77,-32.77,-32.77,-32.77,46.34,225.0,C,37,38,38,39,0,0,0,0*3C
$PNORC,022026,085331,10,-32.77,-32.77,-32.77,-32.77,46.34,225.0,C,38,38,38,39,0,0,0,0*0B
$PNORC,022026,085331,11,-32.77,-32.77,-32.77,-32.77,46.34,225.0,C,38,38,38,39,0,0,0,0*0A
$PNORC,022026,085331,12,-32.77,-32.77,-32.77,-32.77,46.34,225.0,C,38,38,39,39,0,0,0,0*08
$PNORC,022026,085331,13,-32.77,-32.77,-32.77,-32.77,46.34,225.0,C,38,38,39,39,0,0,0,0*09
$PNORC,022026,085331,14,-32.77,-32.77,-32.77,-32.77,46.34,225.0,C,38,38,38,39,0,0,0,0*0F
$PNORC,022026,085331,15,-32.77,-32.77,-32.77,-32.77,46.34,225.0,C,38,38,38,39,0,0,0,0*0E
$PNORC,022026,085331,16,-32.77,-32.77,-32.77,-32.77,46.34,225.0,C,38,38,39,39,0,0,0,0*0C
$PNORC,022026,085331,17,-32.77,-32.77,-32.77,-32.77,46.34,225.0,C,38,38,38,39,0,0,0,0*0C
$PNORI,4,Signature500_104513,4,17,1.00,4.00,0*79
$PNORS,022026,085531,00000000,2ECC0002,17.1,1527.8,127.3,45.2,-86.0,0.000,22.35,0,0*06
$PNORC,022026,085531,1,-32.77,-32.77,-32.77,-32.77,46.34,225.0,C,38,38,38,39,4,5,5,4*3D
$PNORC,022026,085531,2,-32.77,-32.77,-32.77,-32.77,46.34,225.0,C,38,38,38,39,5,4,5,4*3E
$PNORC,022026,085531,3,-32.77,-32.77,-32.77,-32.77,46.34,225.0,C,38,38,38,39,4,4,4,4*3F
$PNORC,022026,085531,4,-32.77,-32.77,-32.77,-32.77,46.34,225.0,C,38,38,38,39,4,4,4,4*38
$PNORC,022026,085531,5,-32.77,-32.77,-32.77,-32.77,46.34,225.0,C,38,38,39,39,5,4,0,0*39
$PNORC,022026,085531,6,-32.77,-32.77,-32.77,-32.77,46.34,225.0,C,38,38,38,39,5,5,0,0*3A
$PNORC,022026,085531,7,-32.77,-32.77,-32.77,-32.77,46.34,225.0,C,38,38,38,39,0,0,0,0*3B
$PNORC,022026,085531,8,-32.77,-32.77,-32.77,-32.77,46.34,225.0,C,38,38,38,39,0,0,0,0*34
$PNORC,022026,085531,9,-32.77,-32.77,-32.77,-32.77,46.34,225.0,C,38,38,38,39,0,0,0,0*35
$PNORC,022026,085531,10,-32.77,-32.77,-32.77,-32.77,46.34,225.0,C,38,38,39,39,0,0,0,0*0C
$PNORC,022026,085531,11,-32.77,-32.77,-32.77,-32.77,46.34,225.0,C,38,38,38,39,0,0,0,0*0C
$PNORC,022026,085531,12,-32.77,-32.77,-32.77,-32.77,46.34,225.0,C,38,38,38,39,0,0,0,0*0F
$PNORC,022026,085531,13,-32.77,-32.77,-32.77,-32.77,46.34,225.0,C,38,38,38,39,0,0,0,0*0E
$PNORC,022026,085531,14,-32.77,-32.77,-32.77,-32.77,46.34,225.0,C,38,38,38,39,0,0,0,0*09
$PNORC,022026,085531,15,-32.77,-32.77,-32.77,-32.77,46.34,225.0,C,38,38,38,39,0,0,0,0*08
$PNORC,022026,085531,16,-32.77,-32.77,-32.77,-32.77,46.34,225.0,C,38,38,39,39,0,0,0,0*0A
$PNORC,022026,085531,17,-32.77,-32.77,-32.77,-32.77,46.34,225.0,C,38,38,39,39,0,0,0,0*0B
$PNORI,4,Signature500_104513,4,17,1.00,4.00,0*79
$PNORS,022026,085731,00000000,2ECC0002,17.1,1527.8,127.4,45.2,-86.0,0.000,22.36,0,0*00
$PNORC,022026,085731,1,-32.77,-32.77,-32.77,-32.77,46.34,225.0,C,38,38,38,39,5,4,5,4*3F
$PNORC,022026,085731,2,-32.77,-32.77,-32.77,-32.77,46.34,225.0,C,38,38,39,39,4,4,4,4*3D
$PNORC,022026,085731,3,-32.77,-32.77,-32.77,-32.77,46.34,225.0,C,38,38,39,39,4,5,4,4*3D
$PNORC,022026,085731,4,-32.77,-32.77,-32.77,-32.77,46.34,225.0,C,38,38,39,39,5,5,4,4*3B
$PNORC,022026,085731,5,-32.77,-32.77,-32.77,-32.77,46.34,225.0,C,38,38,38,39,4,5,0,0*3A
$PNORC,022026,085731,6,-32.77,-32.77,-32.77,-32.77,46.34,225.0,C,38,38,38,39,4,5,0,0*39
$PNORC,022026,085731,7,-32.77,-32.77,-32.77,-32.77,46.34,225.0,C,38,38,39,39,0,0,0,0*38
$PNORC,022026,085731,8,-32.77,-32.77,-32.77,-32.77,46.34,225.0,C,38,38,39,39,0,0,0,0*37
$PNORC,022026,085731,9,-32.77,-32.77,-32.77,-32.77,46.34,225.0,C,38,38,39,39,0,0,0,0*36
$PNORC,022026,085731,10,-32.77,-32.77,-32.77,-32.77,46.34,225.0,C,38,38,39,39,0,0,0,0*0E
$PNORC,022026,085731,11,-32.77,-32.77,-32.77,-32.77,46.34,225.0,C,38,38,39,39,0,0,0,0*0F
$PNORC,022026,085731,12,-32.77,-32.77,-32.77,-32.77,46.34,225.0,C,38,38,39,39,0,0,0,0*0C
$PNORC,022026,085731,13,-32.77,-32.77,-32.77,-32.77,46.34,225.0,C,38,38,39,39,0,0,0,0*0D
$PNORC,022026,085731,14,-32.77,-32.77,-32.77,-32.77,46.34,225.0,C,38,38,38,39,0,0,0,0*0B
$PNORC,022026,085731,15,-32.77,-32.77,-32.77,-32.77,46.34,225.0,C,38,38,39,39,0,0,0,0*0B
$PNORC,022026,085731,16,-32.77,-32.77,-32.77,-32.77,46.34,225.0,C,38,38,38,39,0,0,0,0*09
$PNORC,022026,085731,17,-32.77,-32.77,-32.77,-32.77,46.34,225.0,C,38,38,39,39,0,0,0,0*09
$PNORI,4,Signature500_104513,4,17,1.00,4.00,0*79
$PNORS,022026,085931,00000000,2ECC0002,17.1,1527.8,127.3,45.2,-86.0,0.000,22.36,0,0*09
$PNORC,022026,085931,1,-32.77,-32.77,-32.77,-32.77,46.34,225.0,C,38,38,39,39,4,5,4,4*31
$PNORC,022026,085931,2,-32.77,-32.77,-32.77,-32.77,46.34,225.0,C,38,38,39,39,4,5,5,4*33
$PNORC,022026,085931,3,-32.77,-32.77,-32.77,-32.77,46.34,225.0,C,38,38,39,39,5,5,4,4*32
$PNORC,022026,085931,4,-32.77,-32.77,-32.77,-32.77,46.34,225.0,C,38,38,38,39,5,5,5,4*35
$PNORC,022026,085931,5,-32.77,-32.77,-32.77,-32.77,46.34,225.0,C,38,38,39,39,4,4,0,0*34
$PNORC,022026,085931,6,-32.77,-32.77,-32.77,-32.77,46.34,225.0,C,38,38,38,39,4,4,0,0*36
$PNORC,022026,085931,7,-32.77,-32.77,-32.77,-32.77,46.34,225.0,C,38,38,38,39,0,0,0,0*37
$PNORC,022026,085931,8,-32.77,-32.77,-32.77,-32.77,46.34,225.0,C,38,38,39,39,0,0,0,0*39
$PNORC,022026,085931,9,-32.77,-32.77,-32.77,-32.77,46.34,225.0,C,38,38,38,39,0,0,0,0*39
$PNORC,022026,085931,10,-32.77,-32.77,-32.77,-32.77,46.34,225.0,C,38,38,38,39,0,0,0,0*01
$PNORC,022026,085931,11,-32.77,-32.77,-32.77,-32.77,46.34,225.0,C,38,38,39,39,0,0,0,0*01
$PNORC,022026,085931,12,-32.77,-32.77,-32.77,-32.77,46.34,225.0,C,38,38,39,39,0,0,0,0*02
$PNORC,022026,085931,13,-32.77,-32.77,-32.77,-32.77,46.34,225.0,C,38,38,38,39,0,0,0,0*02
$PNORC,022026,085931,14,-32.77,-32.77,-32.77,-32.77,46.34,225.0,C,38,38,39,39,0,0,0,0*04
$PNORC,022026,085931,15,-32.77,-32.77,-32.77,-32.77,46.34,225.0,C,38,38,38,39,0,0,0,0*04
$PNORC,022026,085931,16,-32.77,-32.77,-32.77,-32.77,46.34,225.0,C,38,38,39,39,0,0,0,0*06
$PNORC,022026,085931,17,-32.77,-32.77,-32.77,-32.77,46.34,225.0,C,38,38,39,39,0,0,0,0*07
